#format x_y_z_r
-8.49665	-7.06105	10.1499	1.52686
6.41608	7.87619	3.36163	1.52533
0.896133	-1.48715	4.65789	1.52381
4.59174	-6.75791	8.24112	1.52228
3.01553	4.18072	8.78078	1.52076
0.0927154	6.95298	14.8558	1.51923
4.61648	7.5551	5.71695	1.51771
0.391767	6.78665	9.65982	1.51618
7.60344	-0.881087	5.32411	1.51466
0.634933	-2.16898	12.1644	1.51314
3.12316	0.869407	9.42179	1.51161
-6.87387	1.31811	7.80487	1.51009
4.86534	-7.53606	3.91042	1.50856
-4.96819	4.57932	3.00576	1.50704
-5.50311	1.27332	10.4084	1.50551
3.60146	-3.64907	7.4662	1.50399
2.14851	-5.46568	9.34915	1.50246
-3.26439	-0.580575	2.41838	1.50094
-6.20194	-5.49162	7.28911	1.49942
1.50935	2.72653	1.59459	1.49789
-8.05467	6.33747	7.06911	1.49637
-5.09028	-5.72319	14.757	1.49484
8.52385	-6.85888	13.3737	1.49332
1.91095	-6.2046	3.57357	1.49179
4.96636	0.88281	12.9221	1.49027
-4.3845	-5.16576	4.94919	1.48874
-0.606913	-6.99865	9.85098	1.48722
-6.87533	8.4025	8.82043	1.4857
-7.2398	0.340343	12.6534	1.48417
-4.97347	-4.91087	9.77055	1.48265
-6.64518	1.35287	4.03423	1.48112
3.6942	-2.25264	13.0653	1.4796
-1.98651	5.80794	8.03898	1.47807
6.0884	6.42952	13.5403	1.47655
5.99994	4.322	8.89684	1.47502
5.53115	-4.18015	9.60326	1.4735
6.47479	-3.45073	12.4559	1.47198
-5.27989	-1.46326	11.3949	1.47045
8.19176	2.07967	1.59659	1.46893
-4.3594	0.729583	13.06	1.4674
-3.04653	-1.08318	6.39594	1.46588
-7.35347	-6.80352	13.2292	1.46435
1.23174	8.47463	1.418	1.46283
2.56795	8.57427	12.1552	1.4613
-4.74055	6.24458	8.93846	1.45978
-3.18062	-4.65845	7.53269	1.45826
6.78971	5.27707	5.05331	1.45673
7.35949	6.52466	7.58376	1.45521
-7.68865	-6.87128	4.03296	1.45368
8.55583	8.55188	10.8266	1.45216
-6.16835	-2.43725	6.24376	1.45063
-1.46057	-1.88432	8.72391	1.44911
-8.57655	-1.9852	10.7672	1.44758
8.616	-8.57025	7.35128	1.44606
1.19268	-3.94856	14.4263	1.44454
1.75592	-1.72451	9.54006	1.44301
-7.55693	-4.60252	11.3993	1.44149
5.43653	-1.32905	3.38621	1.43996
-5.87284	-1.14621	14.9057	1.43844
-2.26278	1.95971	5.54366	1.43691
4.54538	2.88863	10.9152	1.43539
-5.82975	2.02692	1.38553	1.43386
6.7836	-7.86108	11.363	1.43234
-6.48311	-1.33455	2.30762	1.43082
8.77214	6.49434	15.1311	1.42929
-2.91367	-8.61789	5.97782	1.42777
-1.76775	8.59231	7.25155	1.42624
-2.01334	-5.0949	1.34828	1.42472
6.06708	-4.07416	3.78306	1.42319
4.42255	-4.07398	1.41243	1.42167
2.87382	-7.28571	6.01856	1.42014
-5.99652	-4.21652	2.75175	1.41862
-0.991215	-6.29885	12.5642	1.4171
-2.75324	7.30112	14.1391	1.41557
8.55873	4.45424	13.2033	1.41405
-2.32801	6.55094	10.8925	1.41252
4.22306	6.77247	8.40251	1.411
3.47106	-2.79877	4.73168	1.40947
-0.799195	8.26511	3.38115	1.40795
-2.76429	2.31299	14.9432	1.40642
-2.24643	-5.9285	15.0491	1.4049
3.77572	4.60175	12.963	1.40337
-3.14231	-7.6553	3.40002	1.40185
-0.709769	3.33519	12.6814	1.40033
-2.62949	5.52507	1.37572	1.3988
0.29331	0.740457	8.89733	1.39728
-7.07758	3.58046	11.0999	1.39575
5.68958	0.607216	1.36702	1.39423
2.08393	-0.663717	7.10139	1.3927
-5.06429	-0.930902	8.36693	1.39118
-3.51322	-3.63521	11.7085	1.38965
8.17985	1.8863	8.97138	1.38813
-5.12588	6.07311	13.3366	1.38661
4.73021	6.32398	11.094	1.38508
-3.32112	2.77983	11.3971	1.38356
-6.49457	4.6589	5.37435	1.38203
3.86082	1.39945	6.72884	1.38051
-3.20312	-6.7106	10.9347	1.37898
2.28649	-8.73012	15.0572	1.37746
3.95242	8.51757	2.05466	1.37593
4.42961	-6.52137	11.0189	1.37441
-6.42486	6.78186	11.1063	1.37289
-8.68182	5.60821	10.322	1.37136
0.579254	1.34685	4.25105	1.36984
6.50537	-6.46124	15.0567	1.36831
8.63861	0.869636	12.9985	1.36679
5.00227	-8.65682	1.32937	1.36526
-6.389	8.0378	1.35345	1.36374
-3.95556	1.9696	3.38158	1.36221
0.455514	4.36796	6.49137	1.36069
-1.3886	-8.10587	1.34285	1.35917
5.68134	1.11053	4.61102	1.35764
4.01489	4.53964	1.30526	1.35612
-7.63246	-3.11563	8.40568	1.35459
-7.23328	-3.89788	15.0202	1.35307
1.68984	-0.130217	2.31205	1.35154
2.39159	3.09895	5.2339	1.35002
8.07548	-3.17958	10.1938	1.34849
8.66589	-5.01242	8.37237	1.34697
7.20028	8.703	5.95966	1.34545
-8.70875	5.7613	4.40553	1.34392
2.97091	-8.69216	12.333	1.3424
-7.68894	2.3901	14.5384	1.34087
-6.30412	-8.62569	11.0596	1.33935
5.92094	0.374294	9.48617	1.33782
8.68286	-7.60628	1.32248	1.3363
-3.25423	-7.60833	13.3444	1.33477
1.88538	0.869438	14.3946	1.33325
3.93599	-5.90637	13.5495	1.33173
-0.88501	-6.20765	3.45179	1.3302
6.50168	0.993016	7.08259	1.32868
-0.447542	-3.64643	3.06377	1.32715
-5.85173	8.6392	6.24565	1.32563
0.364492	-8.67872	12.8508	1.3241
1.62506	4.71938	11.1898	1.32258
4.93225	-0.957526	6.05744	1.32105
7.09784	5.75405	1.29406	1.31953
5.72722	4.17524	15.0451	1.31801
5.52496	-1.95117	15.0779	1.31648
-7.89433	-0.324478	5.83482	1.31496
-3.2155	8.71403	2.35079	1.31343
4.01135	6.00475	3.46526	1.31191
4.92642	8.73485	10.1135	1.31038
0.222965	-6.29331	5.72244	1.30886
-0.701226	-4.5273	8.62086	1.30733
0.0176578	3.91113	3.9306	1.30581
-8.69925	-2.33464	13.4738	1.30429
-1.37356	3.11095	7.83003	1.30276
-7.58026	6.86526	14.072	1.30124
-8.73446	-5.9164	6.37583	1.29971
-2.17878	-8.68957	8.48408	1.29819
-1.19938	4.4908	15.067	1.29666
-3.60488	-1.91808	13.6786	1.29514
5.13343	2.82966	2.82801	1.29361
4.83374	-5.44495	5.74749	1.29209
-8.18209	-4.30728	1.24381	1.29057
8.21636	3.9516	7.30862	1.28904
-5.34576	8.72019	3.7312	1.28752
-5.38319	-8.69596	1.27622	1.28599
6.53772	-2.41531	1.23184	1.28447
-0.709646	1.10919	1.21014	1.28294
-0.015679	0.772713	12.7217	1.28142
-3.08232	4.43908	13.3689	1.27989
8.23429	-5.5133	4.62619	1.27837
-7.91874	-2.5434	4.21716	1.27685
-5.28339	3.51009	7.33276	1.27532
8.39729	4.33931	3.09698	1.2738
2.57053	-0.0241905	11.9903	1.27227
-5.5889	3.11469	13.192	1.27075
7.20471	-7.06711	8.908	1.26922
-4.62891	-8.75262	9.11918	1.2677
-5.39224	-7.69579	5.16417	1.26617
2.4	2.44962	12.4815	1.26465
-4.21163	8.75861	8.22997	1.26313
-8.09882	0.514111	1.2368	1.2616
3.30456	1.33819	3.60496	1.26008
5.57615	-8.46325	13.6392	1.25855
-4.77837	8.64211	13.0257	1.25703
1.39387	-8.70502	10.3258	1.2555
-8.0318	5.02106	1.23953	1.25398
2.54326	8.47225	9.52882	1.25245
7.89926	3.74409	10.7649	1.25093
0.0371403	7.62166	12.2155	1.24941
0.253156	6.87991	6.97516	1.24788
1.77689	7.14247	3.68082	1.24636
-3.03023	-3.61722	3.21846	1.24483
3.59607	-6.57502	1.58732	1.24331
1.25302	-3.54489	1.19256	1.24178
-8.75995	0.683116	9.67333	1.24026
6.93302	-6.27451	2.61483	1.23873
-3.27306	6.57873	3.65776	1.23721
4.37167	-1.18065	10.7239	1.23568
-4.24809	-3.07597	1.20419	1.23416
7.09714	-3.46547	6.99026	1.23264
-1.06555	-2.20345	14.6103	1.23111
8.73195	-4.45419	2.30006	1.22959
-4.04908	1.25733	7.37569	1.22806
7.56472	-0.863624	11.2102	1.22654
-0.362844	-8.78755	3.60194	1.22501
4.98556	-4.4547	15.1821	1.22349
7.05038	-8.7892	2.87594	1.22196
7.36461	-0.142741	15.1203	1.22044
-4.91742	8.79647	10.5975	1.21892
-2.77474	2.85145	1.21585	1.21739
-8.80921	-0.398936	3.40667	1.21587
7.12103	-8.76034	5.24214	1.21434
8.84542	-3.30893	13.6389	1.21282
-8.80241	-8.77113	12.2339	1.21129
-4.54012	-2.01515	4.25419	1.20977
1.19442	-4.768	11.7783	1.20824
8.79671	8.80488	13.4295	1.20672
-1.08431	-4.09553	11.0479	1.2052
0.794813	-8.80587	5.71584	1.20367
8.61319	8.81326	8.25285	1.20215
-0.104348	2.28083	14.9628	1.20062
-7.71665	-8.86911	2.48135	1.1991
-8.81904	7.10637	2.23542	1.19757
-1.36806	0.125961	10.8054	1.19605
-7.01048	-4.6072	5.04088	1.19452
1.64163	5.36986	1.15001	1.193
-2.37762	3.9386	3.33153	1.19148
-0.146986	6.23374	4.77146	1.18995
4.05099	-0.0126455	15.1846	1.18843
6.83287	2.05003	14.4117	1.1869
-7.22302	8.81864	12.4122	1.18538
6.91351	1.61503	11.3562	1.18385
-5.26805	4.37414	15.1907	1.18233
-8.88855	4.48649	15.2165	1.1808
-6.99923	-8.82157	7.89131	1.17928
-1.74165	-1.97129	4.36493	1.17776
-1.99211	0.134542	13.8882	1.17623
-8.83176	5.14803	12.8155	1.17471
4.47603	8.48714	13.9681	1.17318
-0.672095	-0.794105	2.69881	1.17166
8.86895	-1.81412	1.34802	1.17013
-2.3981	1.59161	9.41434	1.16861
8.35195	-4.85757	15.1941	1.16708
-4.98273	3.74638	9.68015	1.16556
8.84628	1.49574	4.06352	1.16404
1.08753	-4.12523	4.94535	1.16251
8.86515	5.30089	9.24337	1.16099
4.66208	-8.91156	10.5312	1.15946
-8.86874	-0.992398	7.98032	1.15794
-1.07603	3.48873	10.1979	1.15641
-1.56536	-2.1346	1.119	1.15489
8.88427	8.07506	2.50326	1.15336
2.36059	6.55333	13.6058	1.15184
-6.87012	4.74153	8.81427	1.15032
7.98888	-2.47088	3.28906	1.14879
3.73286	-1.60467	1.14589	1.14727
6.21303	3.54229	12.7516	1.14574
-1.99753	-4.06809	5.30858	1.14422
-5.41218	7.54341	15.2444	1.14269
-8.6759	8.86382	6.78886	1.14117
2.78219	3.08428	14.9307	1.13964
4.56898	4.04825	4.79132	1.13812
-8.88809	-4.72313	3.48575	1.1366
-5.34922	-0.0655511	5.78797	1.13507
-3.62744	-7.04924	1.08325	1.13355
-5.29019	1.85464	15.2043	1.13202
7.22597	8.87276	1.10022	1.1305
8.92209	1.67208	15.2783	1.12897
3.03606	5.43936	5.7074	1.12745
7.46453	2.54926	5.51519	1.12592
-8.89016	8.87575	10.3555	1.1244
-6.11614	-3.26585	12.9798	1.12288
3.05677	5.28013	15.2595	1.12135
-7.51632	7.83001	3.98854	1.11983
0.793923	8.86707	8.10944	1.1183
8.90071	-2.44111	7.99637	1.11678
4.17926	-4.30952	11.7645	1.11525
-8.00316	2.53944	5.86033	1.11373
-4.8214	6.17149	6.38764	1.1122
-4.02325	-8.75313	15.2641	1.11068
-2.19641	6.7206	5.66138	1.10916
-1.54388	1.84271	3.18259	1.10763
5.71328	3.38836	6.55678	1.10611
-0.321945	6.28297	1.94069	1.10458
-2.82303	8.89936	4.72205	1.10306
6.13599	8.92177	8.10592	1.10153
-1.17126	5.75805	12.9431	1.10001
-1.76697	4.44364	5.47537	1.09848
-1.7226	0.678089	7.56565	1.09696
-8.82787	8.90665	14.1016	1.09544
-2.67513	8.93544	10.4245	1.09391
1.11669	-4.19753	7.16551	1.09239
-2.16931	-6.23073	5.77049	1.09086
-5.31703	-5.19483	12.2658	1.08934
6.22783	3.5925	1.02437	1.08781
7.79326	-2.38656	15.282	1.08629
3.06746	8.95353	4.26953	1.08476
4.9934	-8.92057	6.06161	1.08324
-8.36852	2.4265	2.49762	1.08172
0.167086	-8.93856	8.3596	1.08019
3.29126	0.969364	1.02678	1.07867
8.93072	1.12142	6.28049	1.07714
-8.95175	-2.30523	2.1898	1.07562
-0.161422	-0.151331	15.1312	1.07409
1.3565	2.63773	10.0529	1.07257
8.88493	-8.94639	9.79417	1.07104
8.52339	-3.29107	5.2108	1.06952
-8.07816	-8.93305	14.3873	1.06799
-1.48465	7.82308	1.03091	1.06647
-3.73341	-2.72655	9.37444	1.06495
6.57258	-1.05062	13.2044	1.06342
-4.44943	5.20986	11.2049	1.0619
8.96815	-6.00012	11.0561	1.06037
-2.75803	-1.36818	11.5841	1.05885
6.68331	8.95171	14.7165	1.05732
-8.95835	-4.89236	13.4351	1.0558
1.60384	2.49406	7.49153	1.05427
-0.994969	8.97176	13.7695	1.05275
-0.414826	-0.795182	6.74401	1.05123
-8.97229	-7.82024	7.79403	1.0497
6.35044	8.1924	11.8478	1.04818
-5.57701	-8.96256	13.2908	1.04665
7.37335	0.200653	3.04406	1.04513
-8.96503	-2.32865	6.26174	1.0436
-8.96412	-8.13873	5.75335	1.04208
1.88857	-8.95987	3.70345	1.04055
-6.87444	6.19543	2.78562	1.03903
-8.61773	8.96519	1.03254	1.03751
-8.97067	3.43713	4.20393	1.03598
-0.833993	8.98871	9.45586	1.03446
6.60276	-5.6207	7.23246	1.03293
8.97696	4.40747	0.976675	1.03141
0.307204	8.97615	6.10028	1.02988
0.7048	-6.92865	15.0235	1.02836
-3.45339	-3.82405	14.9861	1.02683
8.98797	-1.05261	9.54919	1.02531
0.509695	1.04667	6.54462	1.02379
4.16164	-1.07627	8.22363	1.02226
8.94063	6.14791	11.1825	1.02074
8.56012	7.09578	5.01294	1.01921
8.9195	9.00101	4.41674	1.01769
0.840762	5.0469	13.357	1.01616
-0.348257	-3.03347	6.21963	1.01464
3.27256	-3.0422	15.3468	1.01311
-2.71746	-9.01194	10.6383	1.01159
2.33528	-3.87494	3.01766	1.01007
-4.14481	-6.77609	6.81288	1.00854
6.08238	-5.88698	12.6022	1.00702
-8.99559	3.01466	12.4199	1.00549
2.40207	-8.9892	1.00292	1.00397
-8.25699	-6.39914	15.3844	1.00244
-6.93899	-0.607118	9.72354	1.00092
-2.98781	4.49999	9.83829	0.999394
-9.01551	9.03394	4.70085	0.99787
-3.57164	-6.80076	8.65624	0.996346
1.56223	-7.02726	0.95904	0.994821
0.250275	4.4363	8.81648	0.993297
-4.03539	-5.59182	2.55424	0.991772
1.64047	-1.062	15.4503	0.990248
9.03878	3.80919	5.12202	0.988723
-7.27161	-7.47906	0.944396	0.987199
6.25812	-9.01794	7.68164	0.985674
-9.09216	-4.27779	9.63188	0.98415
-5.07429	-8.96933	6.95394	0.982625
-2.11258	-4.40851	13.343	0.981101
2.6004	-3.23155	11.1184	0.979577
-2.64314	-1.00502	15.4615	0.978052
8.72559	-9.30926	15.6397	0.976528
-9.02709	3.33867	7.49108	0.975003
7.93424	3.64779	15.3583	0.973479
-5.1435	-5.61956	0.952418	0.971954
-5.79157	-9.04278	3.45139	0.97043
9.13835	-7.98516	11.4769	0.968905
6.23577	-1.86322	9.78632	0.967381
5.18723	6.94888	0.936169	0.965856
-3.08048	9.2448	15.5752	0.964332
4.55447	-9.09732	15.4449	0.962808
0.463567	-6.30393	7.85599	0.961283
-9.04562	7.37253	11.7882	0.959759
-9.0655	1.44617	4.51041	0.958234
9.06203	5.51072	6.00701	0.95671
8.38415	6.78461	12.8786	0.955185
1.12699	9.08237	4.39499	0.953661
-3.43977	4.47521	6.63346	0.952136
3.1439	-9.06982	9.12895	0.950612
-1.63086	-2.72205	12.6356	0.949087
2.98333	-0.224779	5.04516	0.947563
-3.30649	5.17026	15.4098	0.946039
0.743782	9.05634	10.638	0.944514
-0.730888	-7.90551	6.91528	0.94299
-4.21244	-9.00261	11.8552	0.941465
-5.19328	-7.24011	12.3734	0.939941
0.722052	-0.12756	10.915	0.938416
-3.47603	3.07886	8.44718	0.936892
8.71342	-0.480711	7.4638	0.935367
1.01347	-6.92763	11.5921	0.933843
-9.07988	-9.07742	4.06414	0.932318
1.30366	-6.25403	13.2994	0.930794
0.977823	9.07851	13.8466	0.92927
6.75515	7.55734	9.63384	0.927745
6.60392	-1.42329	7.48253	0.926221
5.64449	-6.51116	0.914419	0.924696
-4.02495	0.247029	15.3528	0.923172
2.25222	9.08289	6.09123	0.921647
0.993213	4.09119	15.0289	0.920123
0.712028	-3.71466	10.0456	0.918598
7.12592	-9.09335	0.837959	0.917074
3.30501	6.64166	0.904482	0.915549
-7.32197	4.03512	3.02794	0.914025
8.23049	-6.40935	6.5856	0.912501
-1.80723	-9.14636	12.9562	0.910976
-1.90894	-6.64422	7.70685	0.909452
7.13644	-5.63351	10.5142	0.907927
4.07204	-5.19944	3.41573	0.906403
0.940248	-1.5157	0.846406	0.904878
7.28854	-5.0814	0.887308	0.903354
8.45993	-1.25812	13.6904	0.901829
-9.113	-4.01081	5.35726	0.900305
-7.24343	-9.1022	4.62593	0.89878
-4.82584	-1.12778	0.799154	0.897256
9.11472	-0.611504	3.00176	0.895732
9.11543	0.550614	10.5236	0.894207
-7.67026	0.274855	15.2317	0.892683
-9.12717	1.17722	6.79952	0.891158
-6.37103	-6.40266	2.15887	0.889634
7.98965	-0.0896519	0.845248	0.888109
-9.13578	1.29128	11.659	0.886585
5.7432	4.91519	2.76749	0.88506
2.19984	-9.12411	7.21494	0.883536
9.15725	2.12883	11.2972	0.882011
5.35889	-3.10181	5.92033	0.880487
-9.06606	3.20375	0.862365	0.878963
8.68657	-9.15705	13.6291	0.877438
9.13663	6.05761	1.90781	0.875914
-0.52137	5.17947	11.1726	0.874389
-2.12603	8.39452	12.2315	0.872865
-4.86537	4.02602	0.801699	0.87134
4.99101	1.80633	15.2797	0.869816
-6.01987	-2.85903	9.78435	0.868291
-9.34531	0.376459	15.6687	0.866767
-7.86636	3.01212	9.08946	0.865242
-5.418	1.91329	5.94342	0.863718
-3.79623	0.141033	4.59202	0.862194
9.17447	8.00913	6.50858	0.860669
3.3773	-9.1559	4.86473	0.859145
-4.00784	-3.13893	6.05325	0.85762
-0.188789	1.8009	10.8321	0.856096
-9.16919	7.2219	8.92141	0.854571
6.67716	7.24848	15.5375	0.853047
9.1986	-2.3951	11.8997	0.851522
-0.16435	-5.34856	15.5188	0.849998
-7.59327	-5.18021	9.11469	0.848473
2.26837	-5.89991	14.9442	0.846949
9.16986	-6.32747	2.94884	0.845425
3.1364	3.55128	3.05987	0.8439
8.40438	6.38261	3.38825	0.842376
9.17811	7.29845	0.78464	0.840851
-8.96042	4.22183	5.90932	0.839327
9.16299	9.1634	15.4039	0.837802
-8.83658	-9.12616	0.824353	0.836278
-9.16657	-3.97421	7.11276	0.834753
2.56934	-6.62792	12.1303	0.833229
-5.01431	3.14162	4.8552	0.831704
-6.44974	-0.998448	4.47405	0.83018
-0.606847	4.68266	0.827939	0.828656
-9.16989	-6.88207	0.826418	0.827131
1.03047	5.41391	2.95252	0.825607
1.84213	-1.19827	13.7963	0.824082
-4.28214	-9.23416	4.36787	0.822558
4.07597	-9.18697	7.67145	0.821033
-9.184	9.18223	12.2444	0.819509
-6.23395	-6.5948	10.5454	0.817984
-1.78868	0.144213	4.04696	0.81646
-0.97955	9.18746	11.2826	0.814935
0.473316	-9.10482	0.812721	0.813411
3.45987	-9.18951	2.76196	0.811887
6.02579	4.5621	11.1314	0.810362
4.4801	2.80851	14.0377	0.808838
0.477011	-5.58788	0.806634	0.807313
-1.24268	-7.94145	14.0365	0.805789
4.71182	9.21622	12.1475	0.804264
-5.27841	-7.42737	2.93047	0.80274
3.84603	3.92534	6.58447	0.801215
-3.58273	-5.61069	12.775	0.799691
7.11697	2.76139	3.46909	0.798166
-8.1311	-9.29214	10.4807	0.796642
-4.38232	9.19772	0.750681	0.795118
-1.23291	-0.945865	12.4809	0.793593
9.23852	-4.39988	6.47555	0.792069
2.72803	-4.3392	12.9151	0.790544
-2.94215	0.880532	0.754141	0.78902
-5.46398	6.65423	3.8454	0.787495
2.60993	6.22145	9.77296	0.785971
9.29677	-1.98919	6.21073	0.784446
5.24323	2.37382	8.06764	0.782922
7.42787	-8.50687	14.4883	0.781397
2.95674	-4.88983	5.08672	0.779873
-6.53886	-2.83905	0.748575	0.778349
-1.41228	-7.62934	4.81553	0.776824
-3.19403	-9.07927	0.77134	0.7753
-2.19964	1.78172	12.9113	0.773775
-3.41839	5.24342	5.11819	0.772251
-3.86611	7.1471	0.747243	0.770726
-7.97696	-2.35311	0.718317	0.769202
2.36895	7.20821	5.59407	0.767677
-2.08203	4.50188	11.4533	0.766153
