#format x_y_z_r
0.541156	-0.458762	4.53235	0.933888
1.6228	0.132406	0.712176	0.929288
-0.824882	-0.175022	2.839	0.924688
-1.65136	0.105568	5.8312	0.920089
-0.859032	-1.39446	5.18722	0.915489
1.72522	-0.423516	3.57462	0.910889
0.581944	-0.634621	1.92657	0.906289
-0.489846	0.309289	7.02593	0.90169
0.336291	-0.11618	5.86396	0.89709
-0.0484925	0.451934	1.05451	0.89249
-1.74905	-1.20758	2.04809	0.88789
1.78877	-1.66733	0.66445	0.883291
0.487916	1.18404	4.87482	0.878691
0.395897	-1.68497	6.23257	0.874091
0.0303515	0.866568	3.61768	0.869491
-1.71462	-1.75054	0.701791	0.864892
-1.67843	1.77195	2.27553	0.860292
-1.7557	-1.77827	4.04159	0.855692
1.69175	1.10054	3.69696	0.851092
-0.995016	1.41502	0.533788	0.846493
0.569488	1.73389	0.632989	0.841893
-0.599289	-1.76923	2.93413	0.837293
-1.69936	0.559291	3.86245	0.832694
-0.746756	1.82273	7.02368	0.828094
-1.81545	1.76087	5.96111	0.823494
0.641511	1.69324	2.04246	0.818894
1.7584	0.558072	5.89991	0.814295
1.74132	0.343637	2.36677	0.809695
-0.464868	1.25524	5.82468	0.805095
-0.370129	-1.78829	1.52908	0.800495
1.88835	1.81654	0.677303	0.795896
1.83092	1.7839	5.10468	0.791296
1.88323	1.8529	2.55697	0.786696
0.970655	-1.88693	2.69641	0.782096
-1.74445	0.344796	1.78145	0.777497
-1.83962	-1.84874	7.0723	0.772897
1.80006	-0.822006	6.29626	0.768297
1.76977	-1.80878	3.96609	0.763697
0.68299	1.80003	7.10862	0.759098
-0.356568	-0.913347	0.483761	0.754498
0.793126	-0.659243	7.17637	0.749898
-1.79619	1.87794	3.64713	0.745298
-0.86359	1.76697	4.52459	0.740699
0.81975	-1.87456	4.98949	0.736099
1.88641	1.83764	6.54345	0.731499
-0.779469	-0.684824	3.97937	0.726899
-1.36921	-0.341152	0.825843	0.7223
-1.82803	-0.487637	7.14589	0.7177
0.735325	1.95003	5.92025	0.7131
-1.83232	-0.432061	4.61961	0.7085
0.463045	-1.86555	3.80043	0.703901
1.72796	-1.864	7.0917	0.699301
-0.46319	1.9572	1.50683	0.694701
1.84452	-0.833409	5.09734	0.690101
0.46556	-0.777105	3.15676	0.685502
1.87064	0.263718	7.10307	0.680902
-0.637512	-1.12266	7.18367	0.676302
-1.87785	0.859016	7.08511	0.671702
1.85783	-1.83823	1.86161	0.667103
-1.87502	1.16749	4.88773	0.662503
1.86424	0.384347	4.7304	0.657903
-0.524615	1.02384	2.2512	0.653303
0.718439	-1.06073	0.802465	0.648704
1.72718	-1.94963	5.86493	0.644104
-0.987043	-1.94368	6.32784	0.639504
-2.05323	1.21124	1.15738	0.634904
0.441571	-1.95027	7.28975	0.630305
-2.02644	2.01787	0.479357	0.625705
0.713135	1.93937	3.18269	0.621105
-0.54039	1.94322	3.02893	0.616505
1.89647	1.19484	1.55005	0.611906
2.09471	-1.9944	4.9561	0.607306
-2.005	2.00249	7.20034	0.602706
0.822066	0.626214	7.15438	0.598106
-1.93524	-1.15166	6.12061	0.593507
0.429327	0.501556	2.55754	0.588907
-1.97856	0.482573	0.425784	0.584307
-0.80708	0.436623	4.79566	0.579707
-0.489855	-2.10249	0.441204	0.575108
2.00872	-1.02106	2.52521	0.570508
-1.99552	-0.715653	3.36911	0.565908
-1.97171	-2.02516	5.60997	0.561308
2.01617	2.11942	3.91634	0.556709
-0.430058	-2.0257	4.24096	0.552109
-2.09399	0.927684	2.86765	0.547509
-0.697714	-0.819135	6.26759	0.542909
0.482481	-2.0038	0.466094	0.53831
0.81825	-2.02739	1.47256	0.53371
-2.00916	-2.06307	2.87228	0.52911
-2.17187	-0.573666	0.412805	0.52451
2.01378	-0.684178	1.62844	0.519911
-0.698713	-0.520023	1.622	0.515311
2.08081	-2.0183	2.91204	0.510711
0.10763	2.07641	3.99693	0.506112
2.03831	-0.799202	7.3528	0.501512
-2.09356	-0.0108464	2.79236	0.496912
-1.59982	2.15308	1.28459	0.492312
1.0413	2.05865	4.173	0.487713
2.06314	1.29066	7.37093	0.483113
-0.625228	-2.12124	7.27976	0.478513
